x<-c(1,2,3,4)
x
[1] 1 2 3 4
