
VECTORS:
  1.
u <- 4
> v <- 8
> u+v
[1] 12
> u-v
[1] -4
> u*v
[1] 32
> u/v
[1] 0.5
> u**v
[1] 65536

2.

u <- c(4, 5, 6)
> v <- c(1, 2, 3)
> u+v
[1] 5 7 9
> u-v
[1] 3 3 3
> u*v
[1]  4 10 18
> u/v
[1] 4.0 2.5 2.0
> u**v
[1]   4  25 216



3.
u <- c(8, 9, 10)
> v <- c(1, 2, 3)
> w <- (2 * u + v) / 10
> w
[1] 1.7 2.0 2.3
> w=2*u
> w
[1] 16 18 20
> w<-w+v
> w<-w/10
> w
[1] 1.7 2.0 2.3


w <- (u + 0.5 * v) ^ 2
> w
[1]  72.25 100.00 132.25
> w <- (u + 2) * (u - 5) + v
> w
[1] 31 46 63
> w <- (u + 2) / ((u - 5) * v)
> w
[1] 3.333333 1.375000 0.800000


4.
part-a:
  w=u+v
> w
[1]  9 11 13
> w<-w/2
> w
[1] 4.5 5.5 6.5
> w<-w+u
> w
[1] 12.5 14.5 16.5

part-b:
  
  w1 <- u^3
> w
[1] 12.5 14.5 16.5
> w2 <- u - v
> w
[1] 12.5 14.5 16.5
> w <- w1 / w2
> w
[1]  73.14286 104.14286 142.85714









